0.506246
0.499769
0.493535
0.487532
0.481752
0.476187
0.470828
0.465666
0.460695
0.455906
0.451292
0.446848
0.442565
0.438438
0.434461
0.430628
0.426934
0.423373
0.41994
0.416631
0.41344
0.410363
0.407396
0.404535
0.401775
0.399114
0.396546
0.394069
0.39168
0.389374
0.387149
0.385003
0.382931
0.380932
0.379002
0.377139
0.375341
0.373605
0.371929
0.370311
0.368748
0.367239
0.365782
0.364374
0.363014
0.361701
0.360432
0.359206
0.358022
0.356878
0.355772
0.354703
0.35367
0.352672
0.351706
0.350773
0.349871
0.348999
0.348156
0.34734
0.346552
0.345789
0.345051
0.344337
0.343647
0.342979
0.342333
0.341707
0.341102
0.340516
0.339949
0.3394
0.338868
0.338354
0.337856
0.337373
0.336906
0.336453
0.336015
0.33559
0.335179
0.33478
0.334394
0.33402
0.333657
0.333305
0.332964
0.332634
0.332313
0.332002
0.331701
0.331408
0.331124
0.330849
0.330582
0.330323
0.330071
0.329827
0.32959
0.32936
0.329137
0.32892
0.328709
0.328504
0.328305
0.328112
0.327924
0.327742
0.327565
0.327392
0.327224
0.327061
0.326903
0.326749
0.326598
0.326452
0.32631
0.326172
0.326038
0.325907
0.325779
0.325655
0.325534
0.325416
0.325301
0.325189
0.32508
0.324974
0.32487
0.324769
0.324671
0.324574
0.324481
0.324389
0.3243
0.324213
0.324128
0.324045
0.323964
0.323885
0.323807
0.323732
0.323658
0.323586
0.323515
0.323446
0.323379
0.323313
0.323248
0.323185
0.323124
0.323063
0.323004
0.322946
0.32289
0.322834
0.32278
0.322727
0.322675
0.322624
0.322573
0.322524
0.322476
0.322429
0.322383
0.322337
0.322293
0.322249
0.322206
0.322164
0.322123
0.322083
0.322043
0.322004
0.321965
0.321928
0.32189
0.321854
0.321818
0.321783
0.321748
0.321714
0.321681
0.321648
0.321616
0.321584
0.321553
0.321522
0.321491
0.321461
0.321432
0.321403
0.321375
0.321346
0.321319
0.321292
0.321265
0.321238
0.321212
0.321186
0.321161
0.321136
0.321111
0.321087
0.321063
0.32104
0.321016
0.320993
0.320971
0.320948
0.320926
0.320904
0.320883
0.320861
0.320841
0.32082
0.320799
0.320779
0.320759
0.320739
0.32072
0.320701
0.320682
0.320663
0.320644
0.320626
0.320608
0.32059
0.320572
0.320555
0.320538
0.32052
0.320503
0.320487
0.32047
0.320454
0.320438
0.320422
0.320406
0.32039
0.320375
0.320359
0.320344
0.320329
0.320314
0.320299
0.320285
0.32027
0.320256
0.320242
0.320228
0.320214
0.3202
0.320187
0.320173
0.32016
0.320147
0.320134
0.320121
0.320108
0.320095
0.320083
0.32007
0.320058
0.320046
0.320034
0.320022
0.32001
0.319998
0.319986
0.319975
0.319963
0.319952
0.319941
0.31993
0.319919
0.319908
0.319897
0.319886
0.319875
0.319865
0.319854
0.319844
0.319834
0.319823
0.319813
0.319803
0.319793
0.319783
0.319774
0.319764
0.319754
0.319745
0.319735
0.319726
0.319716
0.319707
0.319698
0.319689
0.31968
0.319671
0.319662
0.319653
0.319645
0.319636
0.319627
0.319619
0.31961
0.319602
0.319594
0.319585
0.319577
0.319569
0.319561
0.319553
0.319545
0.319537
0.319529
0.319522
0.319514
0.319506
0.319499
0.319491
0.319484
0.319476
0.319469
0.319462
0.319455
0.319447
0.31944
0.319433
0.319426
0.319419
0.319412
0.319405
0.319399
0.319392
0.319385
0.319378
0.319372
0.319365
0.319359
0.319352
0.319346
0.319339
0.319333
0.319327
0.319321
0.319314
0.319308
0.319302
0.319296
0.31929
0.319284
0.319278
0.319272
0.319266
0.319261
0.319255
0.319249
0.319243
0.319238
0.319232
0.319227
0.319221
0.319216
0.31921
0.319205
0.319199
0.319194
0.319189
0.319183
0.319178
0.319173
0.319168
0.319163
0.319158
0.319153
0.319148
0.319143
0.319138
0.319133
0.319128
0.319123
0.319118
0.319113
0.319109
0.319104
0.319099
0.319095
0.31909
0.319085
0.319081
0.319076
0.319072
0.319067
0.319063
0.319059
0.319054
0.31905
0.319046
0.319041
0.319037
0.319033
0.319028
0.319024
0.31902
0.319016
0.319012
0.319008
0.319004
0.319
0.318996
0.318992
0.318988
0.318984
0.31898
0.318976
0.318972
0.318969
0.318965
0.318961
0.318957
0.318954
0.31895
0.318946
0.318943
0.318939
0.318935
0.318932
0.318928
0.318925
0.318921
0.318918
0.318914
0.318911
0.318907
0.318904
0.318901
0.318897
0.318894
0.318891
0.318887
0.318884
0.318881
0.318877
0.318874
0.318871
0.318868
0.318865
0.318862
0.318859
0.318855
0.318852
0.318849
0.318846
0.318843
0.31884
0.318837
0.318834
0.318831
0.318828
0.318825
0.318823
0.31882
0.318817
0.318814
0.318811
0.318808
0.318806
0.318803
0.3188
0.318797
0.318795
0.318792
0.318789
0.318787
0.318784
0.318781
0.318779
0.318776
0.318773
0.318771
0.318768
0.318766
0.318763
0.318761
0.318758
0.318756
0.318753
0.318751
0.318748
0.318746
0.318743
0.318741
0.318739
0.318736
0.318734
0.318732
0.318729
0.318727
0.318725
0.318722
0.31872
0.318718
0.318716
0.318713
0.318711
0.318709
0.318707
0.318705
0.318702
0.3187
0.318698
0.318696
0.318694
0.318692
0.31869
0.318687
0.318685
0.318683
0.318681
0.318679
0.318677
0.318675
0.318673
0.318671
0.318669
0.318667
0.318665
0.318663
0.318661
0.31866
0.318658
0.318656
0.318654
0.318652
0.31865
0.318648
0.318646
0.318644
0.318643
0.318641
0.318639
0.318637
0.318635
0.318634
0.318632
0.31863
0.318628
0.318627
0.318625
0.318623
0.318621
0.31862
0.318618
0.318616
0.318615
0.318613
0.318611
0.31861
0.318608
0.318606
0.318605
0.318603
0.318602
0.3186
0.318598
0.318597
0.318595
0.318594
0.318592
0.318591
0.318589
0.318588
0.318586
0.318585
0.318583
0.318582
0.31858
0.318579
0.318577
0.318576
0.318574
0.318573
0.318571
0.31857
0.318569
0.318567
0.318566
0.318564
0.318563
0.318562
0.31856
0.318559
0.318557
0.318556
0.318555
0.318553
0.318552
0.318551
0.318549
0.318548
0.318547
0.318545
0.318544
0.318543
0.318542
0.31854
0.318539
0.318538
0.318537
0.318535
0.318534
0.318533
0.318532
0.31853
0.318529
0.318528
0.318527
0.318526
0.318524
0.318523
0.318522
0.318521
0.31852
0.318519
0.318517
0.318516
0.318515
0.318514
0.318513
0.318512
0.318511
0.318509
0.318508
0.318507
0.318506
0.318505
0.318504
0.318503
0.318502
0.318501
0.3185
0.318499
0.318498
0.318497
0.318495
0.318494
0.318493
0.318492
0.318491
0.31849
0.318489
0.318488
0.318487
0.318486
0.318485
0.318484
0.318483
0.318482
0.318481
0.31848
0.318479
0.318479
0.318478
0.318477
0.318476
0.318475
0.318474
0.318473
0.318472
0.318471
0.31847
0.318469
0.318468
0.318467
0.318466
0.318466
0.318465
0.318464
0.318463
0.318462
0.318461
0.31846
0.318459
0.318459
0.318458
0.318457
0.318456
0.318455
0.318454
0.318454
0.318453
0.318452
0.318451
0.31845
0.318449
0.318449
0.318448
0.318447
0.318446
0.318445
0.318445
0.318444
0.318443
0.318442
0.318441
0.318441
0.31844
0.318439
0.318438
0.318438
0.318437
0.318436
0.318435
0.318435
0.318434
0.318433
0.318432
0.318432
0.318431
0.31843
0.318429
0.318429
0.318428
0.318427
0.318427
0.318426
0.318425
0.318424
0.318424
0.318423
0.318422
0.318422
0.318421
0.31842
0.31842
0.318419
0.318418
0.318418
0.318417
0.318416
0.318416
0.318415
0.318414
0.318414
0.318413
0.318412
0.318412
0.318411
0.318411
0.31841
0.318409
0.318409
0.318408
0.318407
0.318407
0.318406
0.318406
0.318405
0.318404
0.318404
0.318403
0.318402
0.318402
0.318401
0.318401
0.3184
0.3184
0.318399
0.318398
0.318398
0.318397
0.318397
0.318396
0.318395
0.318395
0.318394
0.318394
0.318393
0.318393
0.318392
0.318392
0.318391
0.31839
0.31839
0.318389
0.318389
0.318388
0.318388
0.318387
0.318387
0.318386
0.318386
0.318385
0.318385
0.318384
0.318384
0.318383
0.318383
0.318382
0.318382
0.318381
0.318381
0.31838
0.31838
0.318379
0.318379
0.318378
0.318378
0.318377
0.318377
0.318376
0.318376
0.318375
0.318375
0.318374
0.318374
0.318373
0.318373
0.318372
0.318372
0.318371
0.318371
0.31837
0.31837
0.318369
0.318369
0.318369
0.318368
0.318368
0.318367
0.318367
0.318366
0.318366
0.318365
0.318365
0.318365
0.318364
0.318364
0.318363
0.318363
0.318362
0.318362
0.318362
0.318361
0.318361
0.31836
0.31836
0.318359
0.318359
0.318359
0.318358
0.318358
0.318357
0.318357
0.318357
0.318356
0.318356
0.318355
0.318355
0.318355
0.318354
0.318354
0.318353
0.318353
0.318353
0.318352
0.318352
0.318351
0.318351
0.318351
0.31835
0.31835
0.31835
0.318349
0.318349
0.318348
0.318348
0.318348
0.318347
0.318347
0.318347
0.318346
0.318346
0.318345
0.318345
0.318345
0.318344
0.318344
0.318344
0.318343
0.318343
0.318343
0.318342
0.318342
0.318342
0.318341
0.318341
0.318341
0.31834
0.31834
0.318339
0.318339
0.318339
0.318338
0.318338
0.318338
0.318337
0.318337
0.318337
0.318336
0.318336
0.318336
0.318336
0.318335
0.318335
0.318335
0.318334
0.318334
0.318334
0.318333
0.318333
0.318333
0.318332
0.318332
0.318332
0.318331
0.318331
0.318331
0.31833
0.31833
0.31833
0.31833
0.318329
0.318329
0.318329
0.318328
0.318328
0.318328
0.318327
0.318327
0.318327
0.318327
0.318326
0.318326
0.318326
0.318325
0.318325
0.318325
0.318325
0.318324
0.318324
0.318324
0.318323
0.318323
0.318323
0.318323
0.318322
0.318322
0.318322
0.318321
0.318321
0.318321
0.318321
0.31832
0.31832
0.31832
0.31832
0.318319
0.318319
0.318319
0.318319
0.318318
0.318318
0.318318
0.318318
0.318317
0.318317
0.318317
0.318316
0.318316
0.318316
0.318316
0.318315
0.318315
0.318315
0.318315
0.318314
0.318314
0.318314
0.318314
0.318313
0.318313
0.318313
0.318313
0.318312
0.318312
0.318312
0.318312
